17466
13828
10873
9495
9357
9413
9748
9596
8036
8455
8164
8243
8006
8189
8979
7213
7122
7546
7629
7887
9067
9939
8884
9078
8755
9283
9175
10403
13563
10936
9634
9280
8441
9886
10340
10933
8801
7914
8816
10059
9327
10589
10544
8696
7779
7870
7858
7786
9320
9124
7925
7920
7488
7863
8442
7728
9426
9143
10321
8755
7755
7637
8374
8011
6614
8289
7114
6869
7490
8073
8837
7572
7566
7228
6808
6512
7610
7402
6918
7103
7083
7125
6384
7075
8522
6706
6333
6308
6252
6203
6533
7977
6720
6534
6277
6283
6664
7945
7903
6630
5841
6052
7089
6322
7662
10403
20101
11360
6668
6268
5874
6413
7213
5791
5529
6157
6968
7355
7827
6917
6332
5792
5430
5221
6420
7868
6884
6118
6607
7105
5939
6007
6554
7443
5912
6241
6077
5933
6245
7138
7356
6354
6751
6510
7321
6779
7959
8421
6622
6539
6180
6463
6404
6701
7698
7071
6842
6981
6991
6930
7629
9776
7240
6007
6024
6633
6167
6735
7412
6390
5991
6070
6042
6189
6462
6616
6116
6266
6263
5995
6201
6701
7271
6400
6441
6662
6459
6300
6731
7727
6665
6501
6731
7338
7245
6897
9750
13999
10199
7677
7881
7871
7868
8622
7168
7660
7643
8073
6805
7745
7622
7459
8010
7436
6709
6548
7258
8791
9053
8865
8971
10163
11005
11001
11902
10134
9182
9219
8145
8131
9213
9948
9043
8352
7768
7871
7619
8693
8340
7401
7297
7365
7066
6934
7574
8409
7378
6599
6379
6418
7348
7543
7611
6663
6319
6225
6637
6738
7234
7849
7513
8458
7109
6823
6575
7361
7503
6692
7108
7135
7462
6808
7163
8590
6848
6534
6467
6100
6468
7230
7233
7069
6429
6617
6491
6549
7406
7277
6776
7409
6693
6850
6665
6914
7393
6492
6158
6069
6004
6272
6730
7712
6097
5737
5976
6075
5829
6380
6499
6117
5834
5884
5609
5574
6461
6916
6675
7433
7098
6384
6137
7269
7384
5865
6525
6806
14316
14807
12493
10731
9931
8382
7497
7524
7047
7999
8220
8356
8577
9960
8607
8497
8825
8514
8411
6439
5275
5741
6341
7930
9156
8252
7068
7452
7152
6981
7906
8334
7270
7032
7927
8179
7985
8492
9192
8302
